image: map_r1.pgm
resolution: 0.010000
origin: [-3.176096, -5.051761, 0.000000]
negate: 0
occupied_thresh: 0.65
free_thresh: 0.196

